E:\test\20160524_original\081402828.jpg 2 802 228 62 62 812 300 50 50 
E:\test\20160524_original\081404359.jpg 3 808 154 56 56 788 112 62 62 922 722 200 200 
E:\test\20160524_original\081405123.jpg 4 804 60 50 50 780 36 50 50 952 718 178 178 454 604 178 178 
E:\test\20160524_original\081405518.jpg 4 1642 1018 112 112 1202 954 112 112 922 722 200 200 442 498 200 200 
E:\test\20160524_original\081406123.jpg 2 922 706 200 200 492 540 100 100 
E:\test\20160524_original\081408261.jpg 1 196 994 140 140 
E:\test\20160524_original\081410595.jpg 1 1820 568 158 158 
E:\test\20160524_original\081411620.jpg 3 1860 780 100 100 1700 764 100 100 468 518 140 140 
E:\test\20160524_original\081413518.jpg 9 1468 724 100 100 1308 756 100 100 1606 714 124 124 1828 732 100 100 492 532 100 100 938 722 200 200 700 850 280 280 660 788 100 100 1372 964 112 112 

